4294967278,439
4294967278,435
4294967279,364
4294967294,1418
4294967279,224
4294967279,221
4294967294,920
4294967279,519
903,6
903,5
903,4
903,3
903,2
903,1
4294967279,209
4294967278,207
4294967278,206
4294967279,203
4294967278,202
4294967279,202
4294967278,198
4294967294,1419
4294967278,197
4294967279,320
900,6
900,5
900,4
4294967279,188
900,3
900,2
900,1
4294967278,187
4294967278,184
4294967278,282
4294967278,183
4294967278,182
4294967279,555
4294967278,181
4294967279,179
4294967278,178
4294967278,177
4294967279,176
4294967278,167
4294967279,166
897,6
897,5
897,4
4294967278,162
897,3
897,2
897,1
4294967278,390
4294967294,387
4294967278,139
894,6
894,5
894,4
894,3
894,2
894,1
4294967279,370
4294967279,280
891,5
891,4
891,3
891,2
891,1
889,4
889,3
889,2
889,1
4294967294,406
4294967294,402
4294967294,455
4294967294,458
4294967279,250
4294967294,114
888,5
888,4
888,3
888,2
888,1
4294967278,363
886,5
886,4
886,3
886,2
886,1
885,6
4294967278,362
885,5
885,4
885,3
885,2
885,1
884,5
884,4
884,3
884,2
884,1
4294967279,218
4294967278,361
4294967279,214
883,5
883,4
883,3
883,2
883,1
881,4
881,3
881,2
881,1
4294967279,383
4294967294,392
4294967294,389
4294967279,382
4294967278,123
4294967278,122
4294967278,121
4294967278,119
4294967278,112
4294967278,111
4294967278,109
4294967278,98
4294967278,97
4294967278,95
4294967278,85
4294967278,80
4294967278,79
4294967278,71
4294967278,66
4294967278,65
4294967278,63
4294967279,82
4294967279,56
4294967279,50
4294967279,0
4294967279,308
4294967294,115
4294967294,919
880,6
880,5
880,4
880,3
880,2
880,1
4294967279,302
4294967294,89
877,6
877,5
877,4
877,2
877,1
4294967279,331
4294967294,1
874,6
874,5
0,7
874,4
874,3
874,2
874,1
4294967279,379
4294967279,306
4294967279,227
4294967294,107
4294967294,393
4294967294,388
4294967294,120
4294967294,423
4294967278,100
871,6
871,5
871,4
871,3
871,2
871,1
4294967278,397
4294967278,78
4294967279,77
4294967278,76
868,5
868,4
868,3
868,2
868,1
866,4
866,3
866,2
866,1
865,5
865,4
865,3
865,2
865,1
4294967279,380
863,5
863,4
863,3
863,2
863,1
4294967279,376
4294967278,272
862,6
4294967279,310
862,5
862,4
862,3
862,2
862,1
4294967294,404
861,5
861,4
861,3
861,2
861,1
860,5
860,4
860,3
860,2
860,1
4294967294,17
4294967294,99
4294967294,76
4294967294,2
858,4
858,3
858,2
858,1
4294967294,470
4294967294,38
4294967294,37
4294967294,46
4294967294,416
4294967294,903
4294967294,185
4294967294,28
4294967294,902
4294967294,5
4294967294,0
4294967294,45
4294967278,227
0,5
4294967294,471
4294967278,441
4294967294,40
4294967278,225
4294967278,0
4294967294,41
4294967294,42
4294967294,67
4294967294,22
4294967294,81
4294967294,50
4294967294,92
4294967294,91
4294967294,90
4294967294,88
4294967294,87
4294967294,86
4294967294,85
4294967294,84
4294967294,950
4294967294,921
4294967294,949
4294967294,29
4294967294,418
4294967294,27
4294967294,26
4294967294,53
4294967294,52
4294967294,426
4294967294,44
4294967294,36
4294967294,96
4294967294,94
4294967294,9
4294967294,8
4294967278,303
4294967294,93
4294967294,95
4294967294,39
4294967294,436
4294967294,43
4294967294,51
4294967294,25
4294967294,972
4294967294,83
4294967294,1414
4294967294,969
4294967294,82
4294967294,7
4294967294,6
4294967293,131
4294967293,130
4294967293,129
4294967293,128
4294967293,127
4294967293,126
4294967293,125
4294967293,124
4294967293,123
4294967293,122
4294967293,121
4294967293,120
4294967293,119
4294967293,118
4294967293,117
4294967293,116
4294967293,115
4294967293,114
4294967293,113
4294967293,112
4294967293,111
4294967293,110
4294967293,109
4294967293,108
4294967293,107
4294967293,106
4294967293,105
4294967293,104
4294967293,103
4294967293,102
4294967293,101
4294967293,100
4294967293,99
4294967293,98
4294967293,97
4294967293,96
4294967293,95
4294967293,94
4294967293,93
4294967293,92
4294967293,91
4294967293,90
4294967293,89
4294967293,87
4294967293,86
4294967293,85
4294967293,84
4294967293,83
4294967293,82
4294967293,81
4294967293,80
4294967293,79
4294967293,78
4294967293,77
4294967293,76
4294967293,75
4294967293,74
4294967293,73
4294967293,72
4294967293,71
4294967293,70
4294967293,69
4294967293,68
4294967293,67
4294967293,66
4294967293,65
4294967293,64
4294967293,63
4294967293,62
4294967293,61
4294967293,60
4294967293,59
4294967293,58
4294967293,57
4294967293,56
4294967293,55
4294967293,54
4294967293,53
4294967293,52
4294967293,51
4294967293,50
4294967293,49
4294967293,48
4294967293,47
4294967293,46
4294967293,45
4294967293,44
4294967293,43
4294967293,42
4294967293,41
4294967293,40
4294967293,39
4294967293,38
4294967293,37
4294967293,36
4294967293,35
4294967293,34
4294967293,33
4294967293,32
4294967293,31
4294967293,30
4294967293,29
4294967293,28
4294967293,27
4294967293,26
4294967293,25
4294967293,24
4294967293,23
4294967293,22
4294967293,21
4294967293,20
4294967293,19
4294967293,18
4294967293,17
4294967293,16
4294967293,15
4294967293,14
4294967293,13
4294967293,12
4294967293,11
4294967293,10
4294967293,9
4294967293,8
4294967293,7
4294967293,6
4294967293,5
4294967293,4
4294967293,3
4294967279,118
4294967279,113
4294967279,111
4294967279,108
4294967279,106
4294967279,103
4294967279,99
4294967279,97
4294967279,94
4294967279,116
4294967279,115
4294967279,547
4294967279,112
857,6
857,5
857,4
857,3
857,2
857,1
4294967279,105
4294967279,104
4294967294,911
4294967279,102
4294967279,210
4294967279,206
4294967279,87
854,6
854,5
854,4
854,2
854,1
4294967279,371
4294967278,351
4294967279,180
4294967278,168
851,6
851,5
851,4
851,2
851,1
4294967279,566
848,6
848,5
848,4
848,3
848,2
848,1
4294967278,266
845,5
845,4
845,3
845,2
845,1
4294967278,262
843,4
843,3
843,2
843,1
842,5
842,4
842,3
842,2
842,1
840,5
840,4
840,3
840,2
840,1
839,6
4294967278,275
839,5
4294967279,212
839,4
839,3
839,2
839,1
4294967278,210
4294967279,207
4294967279,368
4294967279,88
4294967279,367
838,5
838,4
838,3
838,2
838,1
4294967278,339
837,5
837,4
837,3
837,2
837,1
836,4
836,3
836,2
836,1
835,4
835,3
835,2
835,1
4294967294,183
4294967294,401
4294967278,271
4294967278,336
4294967278,434
4294967278,335
4294967279,273
834,6
834,5
834,4
834,3
834,2
834,1
4294967278,334
4294967278,154
4294967278,153
4294967278,333
4294967279,363
831,6
831,5
831,4
831,2
831,1
4294967279,362
4294967279,257
4294967279,527
828,6
828,5
828,4
828,2
828,1
4294967278,253
4294967279,249
4294967279,283
4294967279,217
825,6
825,5
825,4
825,3
825,2
825,1
822,5
822,4
822,3
822,2
822,1
820,4
820,3
820,2
820,1
819,5
819,4
819,3
819,2
819,1
4294967294,161
4294967279,101
4294967279,92
4294967278,160
817,5
817,4
817,3
817,2
817,1
816,6
4294967278,223
4294967279,357
4294967279,360
816,5
4294967278,151
816,4
816,3
816,2
816,1
4294967279,149
815,5
815,4
815,3
815,2
815,1
814,5
814,4
814,3
814,2
814,1
4294967294,1415
4294967294,400
4294967294,116
4294967294,453
812,4
812,3
812,2
812,1
4294967278,324
4294967278,221
4294967278,447
4294967279,543
811,6
811,5
4294967279,241
811,4
811,3
811,2
811,1
4294967294,1413
4294967294,961
4294967294,901
4294967279,235
4294967279,225
4294967278,224
4294967279,223
4294967278,216
4294967294,1420
4294967279,100
4294967279,211
808,6
808,5
808,4
4294967279,204
808,2
808,1
4294967278,200
4294967279,540
4294967279,193
4294967279,194
4294967278,191
805,6
805,5
805,4
805,3
805,2
805,1
4294967278,229
4294967278,320
4294967279,567
802,6
802,5
802,4
802,3
802,2
802,1
4294967279,297
4294967278,141
4294967294,443
799,5
799,4
799,3
799,2
799,1
4294967278,268
797,4
797,3
797,2
797,1
4294967279,381
796,5
796,4
796,3
796,2
796,1
4294967279,243
794,5
794,4
794,3
794,2
794,1
4294967279,356
793,6
4294967278,399
793,5
793,4
793,3
793,2
793,1
4294967279,545
792,5
792,4
792,3
792,2
792,1
791,5
791,4
791,3
791,2
791,1
4294967294,451
4294967294,113
4294967294,394
4294967294,449
789,4
789,3
789,2
789,1
4294967279,296
4294967294,179
4294967279,91
4294967279,90
4294967279,89
4294967279,328
788,6
788,5
788,4
788,3
788,2
788,1
4294967279,299
4294967279,298
4294967278,430
4294967279,341
4294967278,2
4294967278,161
4294967278,158
4294967278,241
4294967278,150
4294967278,149
4294967278,148
4294967278,142
785,6
785,5
785,4
4294967278,143
785,2
785,1
4294967279,350
4294967279,282
4294967278,273
782,6
782,5
4294967278,285
782,4
782,2
782,1
4294967278,337
4294967279,349
779,6
779,5
779,4
779,3
779,2
779,1
4294967294,414
4294967294,384
4294967279,321
776,5
776,4
776,3
776,2
776,1
774,4
774,3
774,2
774,1
4294967279,186
773,5
773,4
773,3
773,2
773,1
4294967278,437
4294967279,316
771,5
771,4
771,3
771,2
771,1
770,6
4294967278,280
4294967279,295
770,5
770,4
770,3
770,2
770,1
769,5
769,4
769,3
769,2
769,1
768,5
768,4
768,3
768,2
768,1
767,5
767,4
767,3
767,2
767,1
766,4
766,3
766,2
766,1
4294967294,110
4294967294,189
4294967278,235
4294967278,418
4294967278,419
4294967278,406
4294967279,256
4294967279,255
4294967279,330
4294967279,526
765,6
765,5
4294967279,548
765,4
765,3
765,2
765,1
4294967279,239
4294967278,236
4294967278,234
4294967279,233
4294967279,339
762,6
762,5
762,4
762,2
